1 7.70735
2 7.70807
3 7.71534
4 7.72633
5 7.74299
6 7.74544
7 7.7557
8 7.7593
9 7.77009
10 7.77025
11 7.7676
12 7.76807
13 7.77072
14 7.78634
15 7.77035
16 7.76565
17 7.76555
18 7.76628
19 7.76838
20 7.76265
21 7.76558
22 7.76304
23 7.76128
24 7.75957
25 7.76016
26 7.75727
27 7.76206
28 7.76066
29 7.75983
30 7.7572
31 7.75869
32 7.75347
33 7.75732
34 7.75406
35 7.75251
36 7.75185
37 7.75223
38 7.75073
39 7.75103
40 7.75119
41 7.75091
42 7.75113
43 7.74798
44 7.74657
45 7.74515
46 7.74746
47 7.7461
48 7.74557
49 7.74582
50 7.74659
51 7.74198
52 7.74264
53 7.74242
54 7.74291
55 7.74383
56 7.74024
57 7.74031
58 7.74076
59 7.73896
60 7.73986
61 7.73821
62 7.73858
63 7.73932
64 7.73605
65 7.73416
66 7.73853
67 7.73651
68 7.73405
69 7.7367
70 7.73331
71 7.73318
72 7.73235
73 7.73458
74 7.73028
75 7.73542
76 7.7309
77 7.73132
78 7.72793
79 7.72739
80 7.73096
81 7.72965
82 7.72644
83 7.73188
84 7.72592
85 7.73006
86 7.73003
87 7.72442
88 7.73005
89 7.72916
90 7.72273
91 7.7273
92 7.72507
93 7.72624
94 7.72807
95 7.72485
96 7.72234
97 7.72144
98 7.72448
99 7.71857
100 7.72444
101 7.72308
102 7.72198
103 7.72432
104 7.71632
105 7.72311
106 7.71745
107 7.71592
108 7.71438
109 7.7152
110 7.71821
111 7.72235
112 7.71518
113 7.72298
114 7.71865
115 7.71636
116 7.7153
117 7.71576
118 7.71729
119 7.72103
120 7.70978
121 7.71709
122 7.70819
123 7.71852
124 7.71261
125 7.70725
126 7.7217
127 7.72028
128 7.71949
129 7.71966
130 7.70341
131 7.70649
132 7.71096
133 7.71681
134 7.70382
135 7.71288
136 7.70145
137 7.71262
138 7.70342
139 7.71681
140 7.71053
141 7.70486
142 7.69959
143 7.71833
144 7.71494
145 7.7135
146 7.71195
147 7.71251
148 7.71321
149 7.71567
150 7.7184
151 7.69693
152 7.70125
153 7.70812
154 7.71444
155 7.69586
156 7.70456
157 7.71436
158 7.69796
159 7.70954
160 7.69333
161 7.70667
162 7.6928
163 7.7084
164 7.69515
165 7.7126
166 7.70058
167 7.69037
168 7.70971
169 7.70036
170 7.69088
171 7.71413
172 7.70687
173 7.69919
174 7.692
175 7.68565
176 7.71402
177 7.70957
178 7.70503
179 7.70164
180 7.69813
181 7.69562
182 7.69322
183 7.69238
184 7.69127
185 7.69106
186 7.69108
187 7.69224
188 7.69423
189 7.69648
190 7.69923
191 7.70298
192 7.70711
193 7.71227
194 7.67539
195 7.68207
196 7.68867
197 7.69542
198 7.7042
199 7.71272
200 7.67686
201 7.68709
202 7.69684
203 7.70825
204 7.6743
205 7.68574
206 7.69885
207 7.71203
208 7.67835
209 7.69354
210 7.70885
211 7.67522
212 7.6924
213 7.70877
214 7.67607
215 7.69502
216 7.66128
217 7.68187
218 7.70199
219 7.66987
220 7.69187
221 7.65878
222 7.68273
223 7.70652
224 7.67407
225 7.6993
226 7.66791
227 7.69451
228 7.66288
229 7.6903
230 7.65926
231 7.68868
232 7.65716
233 7.68806
234 7.65682
235 7.68907
236 7.65826
237 7.69148
238 7.66113
239 7.69591
240 7.66526
241 7.70144
242 7.67152
243 7.70941
244 7.68032
245 7.64979
246 7.68983
247 7.6605
248 7.70081
249 7.67227
250 7.64267
251 7.68582
252 7.65693
253 7.70106
254 7.6723
255 7.64417
256 7.69066
257 7.66267
258 7.70925
259 7.68254
260 7.65424
261 7.7041
262 7.67666
263 7.64872
264 7.70064
265 7.67353
266 7.64586
267 7.70023
268 7.67392
269 7.64643
270 7.70249
271 7.67638
272 7.6489
273 7.70702
274 7.68109
275 7.65521
276 7.62759
277 7.68993
278 7.66371
279 7.63667
280 7.70045
281 7.67539
282 7.64941
283 7.62255
284 7.69005
285 7.66452
286 7.63828
287 7.70684
288 7.68234
289 7.65746
290 7.63143
291 7.70325
292 7.679
293 7.65409
294 7.62872
295 7.70352
296 7.67964
297 7.65537
298 7.62992
299 7.70762
300 7.68462
301 7.66036
302 7.63567
303 7.61031
304 7.69306
305 7.66972
306 7.64538
307 7.62042
308 7.70579
309 7.6833
310 7.65985
311 7.63609
312 7.61129
313 7.70116
314 7.67845
315 7.65528
316 7.63129
317 7.60725
318 7.70109
319 7.67905
320 7.6561
321 7.63268
322 7.60885
323 7.7065
324 7.68474
325 7.66275
326 7.63934
327 7.61622
328 7.59234
329 7.69625
330 7.67478
331 7.65283
332 7.63001
333 7.60687
334 7.58337
335 7.69231
336 7.67102
337 7.64931
338 7.62699
339 7.60434
340 7.58086
341 7.69534
342 7.67483
343 7.65351
344 7.63132
345 7.60929
346 7.58637
347 7.70539
348 7.68499
349 7.66454
350 7.64328
351 7.62158
352 7.59957
353 7.5769
354 7.70241
355 7.68301
356 7.66248
357 7.64146
358 7.62042
359 7.59873
360 7.57664
361 7.70802
362 7.68908
363 7.66901
364 7.64896
365 7.62821
366 7.60727
367 7.58571
368 7.56398
369 7.70363
370 7.68474
371 7.66525
372 7.64549
373 7.62519
374 7.60414
375 7.58337
376 7.56193
377 7.54076
378 7.69041
379 7.67174
380 7.65229
381 7.63279
382 7.61235
383 7.59213
384 7.57127
385 7.55037
386 7.70644
387 7.68864
388 7.67016
389 7.65122
390 7.63178
391 7.61218
392 7.59211
393 7.57205
394 7.55151
395 7.53079
396 7.69828
397 7.68058
398 7.6623
399 7.64361
400 7.62476
401 7.60563
402 7.58615
403 7.56603
404 7.54628
405 7.52567
406 7.70322
407 7.686
408 7.66855
409 7.65019
410 7.63201
411 7.61362
412 7.59432
413 7.57522
414 7.5557
415 7.53612
416 7.51614
417 7.70509
418 7.68856
419 7.67141
420 7.65402
421 7.6363
422 7.61804
423 7.5997
424 7.58093
425 7.56219
426 7.54311
427 7.52404
428 7.50445
429 7.70643
430 7.69059
431 7.67373
432 7.65696
433 7.63971
434 7.6222
435 7.6044
436 7.58626
437 7.56794
438 7.54942
439 7.53096
440 7.51202
441 7.49323
442 7.47395
443 7.69405
444 7.67821
445 7.66172
446 7.645
447 7.62813
448 7.61104
449 7.59364
450 7.57604
451 7.55812
452 7.5401
453 7.52203
454 7.5036
455 7.48508
456 7.46662
457 7.70184
458 7.68651
459 7.67119
460 7.65509
461 7.63913
462 7.62257
463 7.60577
464 7.58896
465 7.57163
466 7.55428
467 7.53687
468 7.51939
469 7.50162
470 7.48366
471 7.46575
472 7.44759
473 7.70242
474 7.68775
475 7.67252
476 7.6574
477 7.64165
478 7.62578
479 7.60971
480 7.59347
481 7.57692
482 7.56034
483 7.54374
484 7.52648
485 7.50932
486 7.49221
487 7.475
488 7.45736
489 7.44002
490 7.42244
491 7.70032
492 7.68609
493 7.67175
494 7.65687
495 7.64178
496 7.62649
497 7.61087
498 7.59537
499 7.5793
500 7.56351
501 7.54715
502 7.53094
503 7.51465
504 7.49799
505 7.48139
506 7.46445
507 7.44759
508 7.43076
509 7.41391
510 7.39674
511 7.70088
512 7.68733
513 7.67345
514 7.65909
515 7.64489
516 7.6302
517 7.61547
518 7.60044
519 7.58517
520 7.5698
521 7.55437
522 7.53873
523 7.52299
524 7.50715
525 7.49123
526 7.47506
527 7.459
528 7.44298
529 7.42649
530 7.41019
531 7.39376
532 7.37748
533 7.36097
534 7.69734
535 7.68405
536 7.67089
537 7.65717
538 7.64343
539 7.62927
540 7.61513
541 7.60069
542 7.58615
543 7.57143
544 7.55684
545 7.54187
546 7.52681
547 7.51175
548 7.49636
549 7.48107
550 7.46568
551 7.45033
552 7.43477
553 7.4191
554 7.40346
555 7.38769
556 7.37195
557 7.35604
558 7.34021
559 7.32432
560 7.69798
561 7.68554
562 7.67281
563 7.65983
564 7.64679
565 7.63332
566 7.61996
567 7.60638
568 7.59258
569 7.57862
570 7.5646
571 7.55026
572 7.53612
573 7.52172
574 7.50723
575 7.4927
576 7.47808
577 7.46337
578 7.44869
579 7.43377
580 7.41897
581 7.40393
582 7.38907
583 7.37418
584 7.35884
585 7.34384
586 7.3286
587 7.31353
588 7.29821
589 7.28307
590 7.70135
591 7.68968
592 7.67761
593 7.66538
594 7.6531
595 7.64053
596 7.6279
597 7.615
598 7.60192
599 7.58879
600 7.57554
601 7.5622
602 7.5488
603 7.53515
604 7.52165
605 7.5079
606 7.49401
607 7.4803
608 7.46637
609 7.45232
610 7.43827
611 7.42414
612 7.40992
613 7.39586
614 7.38163
615 7.36731
616 7.35292
617 7.33868
618 7.32421
619 7.30981
620 7.29532
621 7.28111
622 7.26665
623 7.25199
624 7.23747
625 7.22302
626 7.69904
627 7.68794
628 7.67664
629 7.66501
630 7.65335
631 7.6417
632 7.62964
633 7.61755
634 7.60532
635 7.59295
636 7.58061
637 7.56792
638 7.55536
639 7.54274
640 7.52979
641 7.51688
642 7.5039
643 7.49105
644 7.47784
645 7.46476
646 7.45149
647 7.43814
648 7.42494
649 7.41159
650 7.39827
651 7.38482
652 7.37131
653 7.35785
654 7.34441
655 7.33081
656 7.31724
657 7.30366
658 7.29006
659 7.2765
660 7.26288
661 7.24911
662 7.23556
663 7.22187
664 7.20815
665 7.19442
666 7.18073
667 7.16695
668 7.15326
669 7.70127
670 7.69096
671 7.68031
672 7.66959
673 7.65883
674 7.64784
675 7.63668
676 7.62546
677 7.61405
678 7.60263
679 7.59109
680 7.57946
681 7.56762
682 7.55589
683 7.54402
684 7.53206
685 7.51998
686 7.50786
687 7.49566
688 7.48355
689 7.47122
690 7.45885
691 7.44651
692 7.43414
693 7.4217
694 7.40929
695 7.39666
696 7.38408
697 7.37156
698 7.35901
699 7.3463
700 7.33368
701 7.32099
702 7.30828
703 7.2955
704 7.28294
705 7.27014
706 7.25727
707 7.24456
708 7.23172
709 7.21892
710 7.20613
711 7.19336
712 7.18052
713 7.16767
714 7.15481
715 7.14201
716 7.12916
717 7.11638
718 7.10354
719 7.09072
720 7.07798
721 7.06507
722 7.70689
723 7.69753
724 7.68779
725 7.67805
726 7.66803
727 7.65808
728 7.64789
729 7.63766
730 7.62723
731 7.6167
732 7.60607
733 7.59538
734 7.58467
735 7.57379
736 7.56297
737 7.55199
738 7.54087
739 7.52986
740 7.5187
741 7.50749
742 7.4962
743 7.48483
744 7.47352
745 7.46213
746 7.4507
747 7.43923
748 7.42765
749 7.41617
750 7.40471
751 7.39301
752 7.3814
753 7.36974
754 7.35807
755 7.34632
756 7.33461
757 7.32285
758 7.31118
759 7.29933
760 7.2876
761 7.27584
762 7.26395
763 7.25229
764 7.24035
765 7.22852
766 7.21666
767 7.20477
768 7.19292
769 7.18106
770 7.16923
771 7.15736
772 7.1454
773 7.13352
774 7.12171
775 7.10983
776 7.09792
777 7.08607
778 7.07419
779 7.06233
780 7.05043
781 7.0386
782 7.0268
783 7.01486
784 7.00303
785 6.9912
786 6.97947
787 6.9676
788 6.95576
789 6.94391
790 6.93219
791 7.70615
792 7.69743
793 7.68874
794 7.67973
795 7.67067
796 7.66156
797 7.65233
798 7.6431
799 7.63354
800 7.6241
801 7.61451
802 7.60479
803 7.59497
804 7.58525
805 7.57538
806 7.56539
807 7.55538
808 7.54533
809 7.53521
810 7.5252
811 7.51481
812 7.50459
813 7.49432
814 7.484
815 7.47365
816 7.46333
817 7.45284
818 7.44235
819 7.43195
820 7.42132
821 7.41074
822 7.40015
823 7.38956
824 7.37904
825 7.36836
826 7.3577
827 7.34713
828 7.33628
829 7.32561
830 7.31491
831 7.30412
832 7.29336
833 7.28265
834 7.27183
835 7.26102
836 7.25033
837 7.23942
838 7.22868
839 7.21781
840 7.20697
841 7.19615
842 7.18537
843 7.17457
844 7.16368
845 7.15287
846 7.14206
847 7.13114
848 7.12029
849 7.10945
850 7.09874
851 7.08778
852 7.07693
853 7.0661
854 7.05533
855 7.04447
856 7.03361
857 7.02281
858 7.01198
859 7.00126
860 6.99045
861 6.97965
862 6.9688
863 6.95806
864 6.94723
865 6.93652
866 6.92574
867 6.91494
868 6.90426
869 6.89345
870 6.88272
871 6.872
872 6.86135
873 6.8506
874 6.83986
875 6.82918
876 6.81855
877 6.80784
878 6.79723
879 6.78657
880 6.77594
881 6.76537
882 6.75471
883 6.74416
884 6.73354
885 7.70122
886 7.69341
887 7.68552
888 7.67749
889 7.6694
890 7.66126
891 7.65297
892 7.64463
893 7.63613
894 7.62764
895 7.61908
896 7.61046
897 7.60179
898 7.59305
899 7.58427
900 7.57547
901 7.56657
902 7.5576
903 7.54862
904 7.53971
905 7.53054
906 7.52148
907 7.51235
908 7.50317
909 7.49397
910 7.48469
911 7.47543
912 7.46616
913 7.4569
914 7.44746
915 7.43809
916 7.42869
917 7.41937
918 7.40984
919 7.40046
920 7.39101
921 7.38148
922 7.37194
923 7.36237
924 7.35287
925 7.3433
926 7.33374
927 7.32413
928 7.31457
929 7.30491
930 7.29533
931 7.28567
932 7.27604
933 7.2664
934 7.25675
935 7.24709
936 7.23743
937 7.22779
938 7.21812
939 7.20841
940 7.19873
941 7.18907
942 7.17942
943 7.1697
944 7.15997
945 7.15028
946 7.14062
947 7.13089
948 7.12125
949 7.11149
950 7.1018
951 7.09211
952 7.0825
953 7.07272
954 7.06303
955 7.05341
956 7.04365
957 7.03402
958 7.02429
959 7.01462
960 7.00496
961 6.99535
962 6.98562
963 6.976
964 6.96631
965 6.95673
966 6.94702
967 6.93742
968 6.92776
969 6.91814
970 6.90856
971 6.89891
972 6.88931
973 6.87976
974 6.87012
975 6.86059
976 6.85097
977 6.84142
978 6.83185
979 6.82231
980 6.81276
981 6.80323
982 6.79381
983 6.78421
984 6.77469
985 6.76528
986 6.75571
987 6.74628
988 6.73683
989 6.72732
990 6.7179
991 6.70843
992 6.69901
993 6.68961
994 6.68019
995 6.67088
996 6.66141
997 6.65204
998 6.64273
999 6.63333
1000 6.624
