0 21
1 6
2 18
3 10
4 12
5 25
6 35
7 27
8 25
9 27
10 39
11 53
12 79
13 91
14 104
15 138
16 152
17 220
18 257
19 409
20 640
21 981
22 1571
23 2203
24 3379
25 4957
26 5717
27 6969
28 14900
29 17400
30 18879
31 23475
32 33734
33 44892
34 59919
35 68062
36 84300
37 84246
38 90605
39 85340
40 92414
41 86047
42 81263
43 142226
44 178131
45 221439
46 191979
47 142427
48 121871
49 115003
50 105050
51 95405
52 99712
53 99061
54 89581
55 82001
56 77300
57 73337
58 66841
59 66285
60 67036
61 71542
62 69699
63 70658
64 69040
65 75002
66 77576
67 87696
68 76576
69 72840
70 69369
71 62625
72 61081
73 55254
74 54707
75 55586
76 53619
77 48223
78 48311
79 51139
80 51673
81 53067
82 54484
83 56225
84 63907
85 68841
86 64959
87 62514
88 65742
89 69366
90 71660
91 72678
92 71228
93 73034
94 66524
95 59590
96 58468
97 55429
98 56137
99 61104
100 56153
101 58527
102 62488
103 59339
104 53182
105 49281
106 50307
107 52510
108 54614
109 62390
110 64545
111 63106
112 65798
113 69663
114 79970
115 85230
116 81044
117 75438
118 70301
119 71882
120 67372
121 64896
122 66811
123 66961
124 68436
125 68764
126 77105
127 76992
128 72431
129 67014
130 65549
131 70148
132 74018
133 70239
134 64202
135 63038
136 67378
137 64735
138 63192
139 57587
140 51509
141 49935
142 47127
143 47037
144 41953
145 38764
146 37963
147 37152
148 33383
149 34254
150 32493
151 34290
152 30389
153 28468
154 26924
155 25240
156 23480
157 22459
158 20689
159 17833
160 16151
161 15662
162 14332
163 14147
164 13976
165 13438
166 12829
167 12710
168 12615
169 12598
170 12260
171 11938
172 12191
173 12862
174 12958
175 12648
176 13041
177 13999
178 18196
179 20924
180 18739
181 16370
182 14770
183 12826
184 11952
185 10995
186 12026
187 11800
188 12728
189 11301
190 9719
191 8527
192 7542
193 6887
194 6613
195 6314
196 6465
197 6231
198 5770
199 5601
200 5712
201 5836
202 5692
203 5730
204 5658
205 5779
206 5918
207 6504
208 6616
209 6867
210 9001
211 24986
212 49685
213 71786
214 60812
215 34859
216 18720
217 16110
218 14967
219 16894
220 13124
221 17601
222 17713
223 18976
224 34456
225 60782
226 57205
227 40774
228 36007
229 15622
230 7418
231 4797
232 1272
233 443
234 404
235 354
236 320
237 358
238 344
239 333
240 369
241 340
242 365
243 427
244 450
245 472
246 521
247 635
248 697
249 786
250 749
251 685
252 740
253 771
254 972
255 3418
