0.00596619 0
0.0254726 0.046873
0.0428352 0.062501
0.0435305 0.312515
0.0490856 0.078122
0.0733528 0.281251
0.116587 0.28125
0.151278 0.515624
0.166474 0.359395
0.206561 0.468747
0.230584 0.437501
0.242577 0.515643
0.248899 0.484372
0.275198 0.468756
0.306319 0.531242
0.3096 0.484356
0.343421 0.484375
0.343421 0.515646
0.381534 0.625016
0.432449 0.593737
0.448385 0.65625
0.473145 0.671875
0.478178 1.37502
0.492584 0.687504
0.518637 0.437517
0.556314 2.06252
0.579874 0.70312
0.622459 0.984373
0.654032 0.937521
0.770389 1.35937
0.821543 1.43752
0.8471 1.1875
0.96054 1.4219
0.970291 1.92186
1.0208 2.3125
1.05719 1.15625
1.37321 1.96873
1.39783 3.5
1.43637 2.51562
1.452 8.64064
1.51265 4.54688
1.52451 4.56252
1.64822 4.62502
1.76523 5.01562
1.88571 6.04688
1.90526 2.07813
2.02263 5.25
2.03359 2.875
2.13238 4.99998
2.19278 10.1562
2.21855 0.953125
2.25412 3.32812
2.34363 5.26565
2.36208 1.90623
2.45121 5.87502
2.46004 11.25
2.68022 19.0938
2.77346 7.0625
2.85499 5.81252
3.07708 12.3125
3.37533 6.23438
3.44716 1.3594
3.53124 1.3125
3.61946 19.625
3.73012 15.0781
3.83785 15.875
4.01298 1.85939
4.54594 18.75
4.60531 12.9375
