5.30589 23.3492
2.60329 7.406
1.6852 2.271
3.23553 2.57203
1.48246 2.0461
1.42521 1.4729
3.27258 2.99927
1.54012 8.83016
0.923672 0.491207
3.39003 1.74974
1.62602 4.45883
3.96198 16.1158
1.57096 1.8819
2.41146 6.39591
3.08749 2.47469
3.31051 2.22315
2.90122 7.26442
2.64093 2.84799
1.37384 1.37498
1.37364 2.78007
2.19326 3.91767
0.55319 0.390429
1.22177 3.33198
0.536877 0.154032
0.654244 1.63436
8.50793 19.9047
0.897086 1.04547
2.35681 0.884095
3.00493 1.54761
8.8841 15.0992
9.75209 9.42133
4.09371 7.8698
1.65626 3.6885
5.55247 21.2822
0.798015 1.46993
4.1299 16.4775
4.36423 11.0727
1.70714 2.8568
9.98871 15.1712
2.25428 2.8027
8.11222 26.911
7.90651 26.7524
2.21873 3.07863
5.08829 16.2954
6.75466 34.4123
2.3334 4.88572
7.07599 21.9202
1.86335 6.11607
9.03704 11.795
1.86335 3.58377
1.28338 2.48628
1.71498 2.97327
6.00042 12.0989
0.911094 3.83043
0.557678 0.217658
1.97806 8.33577
3.05215 1.99123
2.9657 10.5448
2.72053 3.37195
3.09827 10.6374
2.63443 4.12526
1.47669 7.28797
1.61228 8.63198
1.32175 7.56453
0.433757 0.159057
3.75693 1.21329
3.73019 12.1309
2.72628 3.29731
0.152047 0.747457
1.61228 3.83417
7.14244 28.5887
0.160223 0.424424
1.61358 2.66221
6.98585 21.1966
11.9781 11.5543
4.0686 13.6934
8.60855 35.8623
0.164088 0.15415
6.35279 84.1312
1.42411 1.08662
5.75911 49.1248
0.591914 0.388829
1.35821 7.82154
0.958683 1.23639
5.36989 42.6104
5.75911 47.2015
0.695764 0.705454
2.39651 7.4547
1.36684 0.445028
11.8088 13.9369
2.45514 17.8935
2.70008 6.55059
2.6005 4.86395
4.9461 10.6341
2.85555 1.25958
1.70498 3.9031
6.46751 24.2112
2.72811 3.22128
4.28069 54.0781
1.82043 2.77584
3.85305 21.2386
2.05214 9.34328
2.00639 8.57746
0.100733 0.036001
1.32679 4.34734
2.43193 3.08821
0.506677 0.094619
0.362912 0.142167
1.48136 3.4458
0.5617 0.213837
1.90163 4.1882
0.141743 0.074077
0.0756187 0.032069
0.449432 0.518902
1.46275 4.40913
28.1109 11.244
0.377805 0.488163
4.23747 1.11423
0.143994 1.13634
1.69281 10.3335
0.494741 0.941695
1.00453 2.4136
1.71826 4.71831
0.821403 7.03223
1.04527 1.88943
0.653016 2.98619
0.609736 7.78119
1.10789 2.12444
0.0629654 0.047081
1.30385 9.40124
1.24459 0.853088
0.63684 3.92644
2.60348 2.35706
2.30916 2.20963
3.36709 8.42129
3.22797 8.02928
1.61441 7.8987
1.82028 2.40735
2.23572 4.36057
2.19225 3.37988
7.26161 13.4279
0.211283 0.112371
8.16453 27.9907
1.59509 1.80812
0.408188 0.440935
0.405128 0.414634
0.459994 0.162129
3.09354 1.77958
1.57733 3.63256
0.876998 4.80377
3.31554 8.52823
3.81029 1.63384
0.226688 0.576014
2.2314 4.13136
0.72793 1.5206
2.08081 10.5108
6.34146 25.866
3.22797 2.2544
0.538485 0.367388
0.333245 1.67072
0.510625 0.466018
8.48985 43.4854
0.519834 0.551758
2.11366 3.06718
3.73449 15.4278
0.0960798 0.030047
4.94125 7.49896
1.5317 0.486654
3.30529 9.86945
1.25599 1.12864
0.279381 0.255151
2.3415 1.18429
0.876998 2.44974
1.44148 1.09039
12.2833 6.35194
2.03494 2.29049
2.84654 2.47373
1.83354 8.37563
2.38088 9.45849
5.48161 24.7951
3.51299 1.96718
1.51883 1.73126
2.18267 2.48391
0.70358 1.46695
1.02545 1.24748
0.306138 0.157067
0.936279 2.05473
4.24178 29.4136
5.8609 7.18209
0.152122 0.067032
5.94696 10.5354
0.0194263 0.172077
1.07659 1.24951
1.75791 10.1685
0.668272 0.773493
0.0306501 0.037008
0.775698 2.19817
2.05894 3.27416
0.629124 1.18931
2.43842 2.56272
1.33948 5.13156
7.08721 14.7843
2.03453 13.5695
4.02619 4.57468
0.8793 1.59552
4.08939 6.23969
1.56898 8.81494
1.3737 6.54836
2.38182 7.28406
1.04178 0.562566
1.83717 9.3509
0.287765 0.214904
1.60346 2.70576
1.3177 2.35622
1.52721 6.31452
2.83029 3.40997
1.77072 5.09568
2.20646 0.959668
2.75079 5.54896
1.83004 7.81014
1.79562 4.55365
