0.00596619 0
0.0254726 0.015626
0.0428352 0.015621
0.0435305 0.312496
0.0490856 0.031249
0.0733528 0.203107
0.116587 0.203121
0.151278 0.093755
0.166474 0.281246
0.206561 0.249984
0.230584 0.281269
0.242577 0.296874
0.248899 0.265607
0.275198 0.218726
0.306319 0.265636
0.3096 0.171889
0.343421 0.296854
0.343421 0.312482
0.381534 0.3125
0.432449 0.296876
0.448385 0.328125
0.473145 0.3125
0.478178 0.359378
0.492584 0.32812
0.518637 0.171876
0.556314 0.437499
0.579874 0.343768
0.622459 0.390629
0.654032 0.515599
0.770389 0.500022
0.821543 0.51561
0.8471 0.437501
0.96054 0.546875
0.970291 0.578146
1.0208 0.640626
1.05719 0.484394
1.37321 0.734376
1.39783 0.85938
1.43637 0.718754
1.452 1.04686
1.51265 0.937498
1.52451 0.937483
1.64822 0.828122
1.76523 0.96875
1.88571 0.968746
1.90526 0.796854
2.02263 1.04689
2.03359 0.843751
2.13238 1.00002
2.19278 1.34375
2.21855 0.656268
2.25412 1.03125
2.34363 1.15622
2.36208 1.03126
2.45121 1.1875
2.46004 1.37502
2.68022 1.78127
2.77346 1.40624
2.85499 1.5156
3.07708 1.64062
3.37533 1.24999
3.44716 1.37497
3.53124 1.10937
3.61946 2.34373
3.73012 2.35936
3.83785 2.375
4.01298 1.23437
4.54594 2.26562
4.60531 1.96874
