0 41
1 17
2 16
3 20
4 15
5 22
6 23
7 25
8 52
9 65
10 62
11 95
12 97
13 149
14 137
15 202
16 270
17 396
18 467
19 569
20 931
21 1629
22 2995
23 7980
24 10966
25 23596
26 34870
27 55192
28 87751
29 88208
30 118769
31 94173
32 81877
33 78364
34 90902
35 116039
36 205371
37 181515
38 197713
39 163243
40 149635
41 126634
42 127674
43 117592
44 116463
45 100894
46 96511
47 87342
48 81219
49 82849
50 86950
51 75757
52 70623
53 74660
54 77467
55 84163
56 82501
57 74059
58 69339
59 62809
60 62190
61 61597
62 59977
63 60275
64 53358
65 48941
66 45360
67 42347
68 42307
69 43745
70 41361
71 40930
72 41389
73 47125
74 55221
75 66002
76 72118
77 66329
78 64451
79 64925
80 65286
81 64176
82 69067
83 65443
84 67692
85 64223
86 62978
87 65571
88 60814
89 65022
90 64722
91 57834
92 57672
93 62121
94 70762
95 77975
96 77680
97 79433
98 88380
99 106632
100 93998
101 91509
102 97349
103 94762
104 89326
105 76821
106 73862
107 69983
108 69409
109 73952
110 84255
111 90772
112 79304
113 72018
114 70306
115 70719
116 79741
117 77994
118 74589
119 69280
120 65069
121 65848
122 62912
123 68498
124 64059
125 64474
126 60709
127 59771
128 55498
129 48485
130 45171
131 45105
132 42082
133 42415
134 43091
135 38460
136 35973
137 32985
138 31153
139 27487
140 27784
141 24365
142 21285
143 19166
144 18288
145 17911
146 17147
147 17252
148 17123
149 17889
150 17898
151 17943
152 18187
153 16797
154 17292
155 17654
156 15545
157 15387
158 16343
159 15616
160 20570
161 21013
162 18979
163 17205
164 14965
165 14847
166 13416
167 12560
168 12652
169 13383
170 14225
171 12202
172 11871
173 10090
174 8906
175 8532
176 7943
177 7644
178 7734
179 7862
180 7500
181 6924
182 6531
183 6390
184 6249
185 6342
186 6004
187 5884
188 6057
189 5821
190 6015
191 6599
192 6373
193 6181
194 6472
195 7155
196 15728
197 40423
198 38741
199 32910
200 47026
201 41796
202 31170
203 23396
204 15404
205 15213
206 12517
207 11494
208 14010
209 14125
210 15924
211 17151
212 27561
213 27896
214 45672
215 51299
216 32871
217 24874
218 20637
219 13034
220 8709
221 4900
222 4558
223 1791
224 574
225 477
226 433
227 449
228 401
229 370
230 411
231 400
232 390
233 393
234 382
235 443
236 384
237 435
238 407
239 411
240 352
241 263
242 272
243 327
244 305
245 335
246 354
247 420
248 495
249 569
250 557
251 627
252 754
253 891
254 1111
255 7180
