0.000234604 0.000246048
0.0113001 0.0114851
0.783188 0.764166
0.768485 0.749358
0.796227 0.775612
0.0133476 0.0135708
0.824897 0.803977
0.810835 0.789962
0.8383 0.817032
0.852417 0.830019
0.865602 0.843562
0.880293 0.857267
0.908221 0.884274
0.894312 0.870468
0.922696 0.897296
0.937545 0.911133
0.0156755 0.0161495
0.951681 0.92627
0.966366 0.939099
0.980074 0.952509
0.995186 0.968096
1.01044 0.980987
1.02414 0.994884
1.03987 1.00984
1.05592 1.02523
1.07014 1.03854
1.08569 1.05263
0.0183535 0.0188208
1.10003 1.06721
1.1148 1.08215
1.13141 1.09716
1.14559 1.11042
1.16125 1.12622
1.17291 1.13638
1.19175 1.15439
1.20789 1.17079
1.2228 1.18569
1.23894 1.20061
0.0207882 0.0210361
1.25554 1.21614
1.27035 1.23062
1.28681 1.24558
1.3044 1.26445
1.31939 1.27964
1.33595 1.29311
1.35136 1.30853
1.36811 1.32637
1.39992 1.35499
1.38502 1.34157
0.0236187 0.0241632
1.41788 1.37223
1.43557 1.38842
1.44984 1.40274
1.46767 1.41775
1.48369 1.43483
1.50093 1.4524
1.55186 1.50052
1.51853 1.46787
1.53453 1.48297
1.5702 1.51797
0.026844 0.0273209
1.60466 1.55092
1.58699 1.53298
1.62038 1.56556
1.63931 1.58176
1.65662 1.6001
1.67331 1.61536
1.69167 1.6337
1.71166 1.65165
1.72687 1.66719
1.74578 1.68415
0.0297012 0.0299568
1.7623 1.70115
1.80021 1.73739
1.78202 1.71951
1.81784 1.75315
1.83622 1.77174
1.85557 1.7887
1.8721 1.80449
1.89104 1.82261
1.90782 1.83848
1.92711 1.85772
0.033102 0.0333195
1.94608 1.87504
1.96412 1.89144
1.98265 1.90827
2.00291 1.92711
2.01969 1.94294
2.03852 1.95993
2.05652 1.97808
2.07529 1.996
2.09478 2.01379
2.13144 2.04841
0.0362291 0.0367546
2.11216 2.02852
2.1682 2.0816
2.15057 2.06603
2.18843 2.10259
2.20583 2.11579
2.22604 2.13626
2.24541 2.154
2.26349 2.17191
2.36527 2.27627
2.3227 2.22655
0.000660896 0.000699043
0.0400515 0.0404558
2.34325 2.24642
0.0440416 0.0443707
0.0475988 0.0480623
0.0518999 0.0522604
0.0562735 0.0567036
0.0606117 0.0609169
0.0651398 0.0654058
0.0695524 0.0699511
0.074441 0.0748148
0.0796747 0.080224
0.00123215 0.00127411
0.0846033 0.085145
0.0899897 0.0904446
2.36163 2.26223
0.0957193 0.0959854
0.100785 0.101117
0.106723 0.10702
0.112131 0.112604
0.11854 0.118629
0.124717 0.12516
0.131106 0.131858
0.137752 0.138541
0.00209141 0.00215721
0.144495 0.144935
0.150941 0.151195
0.158041 0.158063
0.164831 0.165537
0.172042 0.172441
0.179827 0.180541
0.186832 0.187115
0.194762 0.19478
0.202948 0.202568
0.00316525 0.00325394
0.210154 0.209562
2.38365 2.28394
2.42235 2.31928
0.218786 0.218718
2.40285 2.30165
0.22649 0.225603
0.235093 0.234447
0.243478 0.243512
0.25176 0.251142
0.260965 0.26018
0.269573 0.268001
0.00432491 0.00444603
0.278362 0.277151
0.287554 0.286044
0.296073 0.295102
2.44191 2.33798
0.305905 0.303556
0.315254 0.313558
0.324919 0.322683
0.334954 0.33206
0.344947 0.342211
0.354579 0.351013
0.364168 0.36121
0.00584888 0.00601673
0.37427 0.370344
2.46251 2.35807
0.384516 0.38142
0.405208 0.401918
0.395131 0.392035
0.416796 0.411509
0.427576 0.42222
0.437796 0.432706
0.449122 0.44415
0.00750637 0.00765133
0.312589 0.347724
0.460001 0.453094
0.471498 0.465415
0.483183 0.475543
0.493965 0.484305
0.505468 0.497257
0.517876 0.509904
0.52939 0.519494
0.56466 0.553547
0.541303 0.532728
0.552278 0.543218
0.00922203 0.00940704
0.576769 0.565749
0.588355 0.57641
0.600809 0.589226
0.614755 0.600954
0.625559 0.61145
0.638668 0.625359
0.650725 0.636806
0.663721 0.64879
0.677048 0.6606
0.689152 0.673171
0.702476 0.68665
0.717454 0.701013
0.728734 0.710688
0.74264 0.723797
0.755135 0.735952
2.48162 2.37519
2.54241 2.43551
2.56419 2.45875
2.52175 2.41332
2.50244 2.39633
2.58277 2.47443
2.60512 2.49739
2.62681 2.51657
2.64474 2.53129
2.68656 2.57195
2.66663 2.55159
2.7075 2.59296
2.72929 2.61323
2.74857 2.63077
2.76949 2.64999
2.79293 2.67303
2.81199 2.68829
2.83227 2.70896
2.85206 2.72795
2.87445 2.74933
2.91784 2.78811
2.89653 2.76814
2.93797 2.80786
2.96151 2.82853
2.9818 2.84809
3.00472 2.86946
3.02663 2.88836
3.04825 2.90932
3.07155 2.93133
3.09288 2.95095
3.11426 2.97108
3.13827 2.99528
3.15994 3.01474
3.18192 3.03565
3.20391 3.05393
3.22772 3.07701
3.25198 3.09988
3.27221 3.11684
3.29649 3.13898
3.33241 3.17469
3.34232 3.18401
3.36669 3.20757
3.38833 3.22524
3.41207 3.24755
3.43654 3.27064
3.4575 3.29021
3.48285 3.31334
3.50824 3.33755
3.52934 3.35648
3.55485 3.38115
3.64912 3.4685
3.67309 3.4907
3.57615 3.4002
3.65721 3.47193
3.60038 3.42287
3.62591 3.44625
3.72161 3.53542
3.82183 3.62821
3.74739 3.55891
3.87024 3.67503
3.77084 3.58049
3.79676 3.60523
3.89949 3.6998
3.84388 3.64756
3.91815 3.7196
3.94519 3.74418
3.96848 3.76588
3.99382 3.79167
4.0723 3.86593
4.04576 3.83986
4.02182 3.81629
4.09875 3.89124
4.12412 3.91474
4.15112 3.93888
4.1748 3.95988
4.20071 3.98841
4.22797 4.01426
4.25348 4.03607
4.28039 4.0626
4.30609 4.08671
4.33144 4.1107
4.35732 4.13699
4.44005 4.21149
4.38284 4.15736
4.46383 4.23508
4.49044 4.25976
4.41172 4.18695
4.65919 4.42421
4.54453 4.30901
4.60073 4.36076
4.57324 4.33479
4.65453 4.41122
4.62566 4.38234
4.6815 4.43744
4.73885 4.48915
4.70906 4.46091
4.76401 4.51159
4.79163 4.53759
4.81572 4.56053
4.84881 4.59171
4.9007 4.63924
4.87483 4.61544
4.93012 4.6654
4.96372 4.69795
4.98447 4.71778
5.04039 4.77091
5.12681 4.85045
5.01391 4.74376
5.15686 4.8756
5.07117 4.79692
5.09823 4.82038
5.20795 4.92334
5.21891 4.9334
5.24165 4.95253
5.26809 4.98061
5.29847 5.00635
5.38371 5.08486
5.3532 5.05754
5.32754 5.0345
5.45094 5.14655
5.44185 5.13708
5.49877 5.18977
5.47169 5.16854
5.55846 5.24546
5.58546 5.27004
5.52966 5.2181
5.6159 5.29904
5.63831 5.3178
5.70323 5.37965
5.67116 5.34933
5.7283 5.40042
5.81376 5.47688
5.84142 5.50465
5.75616 5.42684
5.7854 5.45432
5.89853 5.556
5.87403 5.53556
5.95143 5.60352
5.98648 5.63721
6.01043 5.65786
5.92833 5.58428
6.03658 5.68259
6.06602 5.71027
6.10542 5.74526
6.12146 5.76096
6.14964 5.78469
6.17575 5.80796
6.20029 5.8332
6.23509 5.86462
6.25939 5.88455
6.28997 5.91109
6.33588 5.95679
6.34419 5.95935
6.37283 5.99004
6.39628 6.0113
6.42566 6.035
6.45581 6.06197
6.48092 6.08633
6.50911 6.11155
6.54243 6.1403
6.56272 6.15943
6.5932 6.18289
6.61668 6.21071
6.64546 6.23174
6.67576 6.26298
6.72656 6.3067
6.70049 6.2815
6.75471 6.33363
6.78162 6.35765
6.81158 6.38511
6.83552 6.40331
6.86306 6.43011
6.89245 6.4568
6.91677 6.47825
6.94465 6.50837
6.97676 6.53353
7.00134 6.55779
7.02752 6.58264
7.04766 6.59772
7.07932 6.62705
7.10919 6.65566
7.12921 6.67325
7.15926 6.69997
6.74759 6.25551
7.21024 6.74936
7.23798 6.76842
7.25901 6.7965
7.29092 6.82069
7.31338 6.84138
7.33459 6.86076
7.36565 6.89121
7.39685 6.92028
7.41349 6.93474
7.44108 6.96356
7.46431 6.98241
7.48574 7.00329
7.51811 7.03061
7.56471 7.0772
7.53951 7.05103
7.58874 7.09726
7.61546 7.12424
7.64287 7.14855
7.66411 7.16523
7.69078 7.1994
7.71683 7.21732
7.73887 7.24054
7.7665 7.2751
7.78969 7.2971
7.81802 7.32505
7.84173 7.35074
7.86897 7.3755
7.894 7.40009
7.91832 7.42728
7.94255 7.44635
7.96384 7.46773
8.02295 7.52092
8.01539 7.51603
8.04117 7.54007
8.06103 7.56129
8.11155 7.60649
8.08649 7.58403
8.13774 7.63183
8.16052 7.65293
8.21031 7.69757
8.19394 7.68242
8.23153 7.7206
8.32775 7.8105
8.25703 7.74326
8.28146 7.76486
8.30603 7.78771
8.35152 7.83458
8.42006 7.89252
8.40108 7.87988
8.42691 7.90414
8.44976 7.9245
8.47464 7.94636
8.49701 7.96692
8.52143 7.9896
8.54456 8.01003
8.57714 8.04453
8.59504 8.05689
8.61469 8.07778
8.63774 8.10102
8.6597 8.1185
8.70955 8.16653
8.68993 8.14719
8.73285 8.18282
8.77958 8.22222
8.78078 8.23252
8.80776 8.25492
8.8256 8.27419
8.85341 8.29781
8.87382 8.31664
8.89768 8.33924
8.92466 8.3705
8.95228 8.3898
8.9681 8.40574
8.99592 8.43507
9.04343 8.48049
9.06353 8.49765
9.01619 8.44715
9.08766 8.51644
9.11284 8.53955
9.15841 8.58149
9.13616 8.55672
9.18195 8.60867
10.1743 9.52067
10.6284 9.94869
10.1567 9.50699
10.1272 9.4781
11.4115 10.6696
10.6557 9.96622
10.6749 9.98192
