0.0646 0.027007
0.129135 0.040001
0.19367 0.059983
0.258205 0.073001
0.322741 0.09798
0.387276 0.146021
0.451811 0.087985
0.516351 0.098005
0.580886 0.116995
0.645421 0.127999
0.709956 0.148989
0.774491 0.172018
0.839026 0.17
0.903562 0.190005
0.968097 0.197999
1.03264 0.196015
1.09717 0.227005
1.16171 0.228
1.22624 0.239986
1.29078 0.246994
1.35531 0.259021
1.41985 0.28298
1.48438 0.304
1.54892 0.355003
1.61346 0.354982
1.67799 0.352018
1.74253 0.346006
1.80706 0.336985
1.8716 0.411
1.93613 0.413
2.00067 0.399982
2.06521 0.404998
2.12974 0.422999
2.19428 0.443979
2.25881 0.446005
2.32335 0.461985
2.38788 0.486021
2.45242 0.497988
2.51695 0.518018
2.58149 0.49502
2.64603 0.534004
2.71056 0.538994
2.7751 0.543998
2.83963 0.538984
2.90417 0.559983
2.96871 0.582979
3.03324 0.601
3.09778 0.601
3.16232 0.609
3.22685 0.69298
3.29139 0.64898
3.35592 0.646019
3.42046 0.685998
3.48499 0.692005
3.54953 0.707984
3.61407 0.682
3.6786 0.729996
3.74314 0.737995
3.80767 0.753018
3.87221 0.732
3.93674 0.77902
4.00128 0.795001
4.06581 0.805999
4.13035 0.792004
4.19489 0.849995
4.25942 0.854985
4.32396 0.846001
4.38849 0.818983
4.45303 0.912023
4.51756 0.92098
4.5821 0.901997
4.64664 0.903015
4.71117 0.940997
4.77571 0.990812
4.84024 0.945017
4.90478 0.975
4.96931 0.965983
5.03385 0.982981
5.09838 1.00102
5.16292 0.980999
5.22746 1.05
5.29199 1.06299
5.35653 1.055
5.42106 1.06598
5.4856 1.082
5.55013 1.11902
5.61467 1.17802
5.67921 1.107
5.74374 1.14699
5.80828 1.17198
5.87282 1.15
5.93735 1.165
6.00189 1.212
6.06642 1.204
6.13096 1.217
6.1955 1.194
6.26003 1.239
6.32457 1.229
6.3891 1.25502
6.45364 1.24698
6.51817 1.29298
6.58271 1.29602
6.64724 1.31298
6.71178 1.28298
6.77632 1.308
6.84085 1.35702
6.90539 1.374
6.96992 1.39801
7.03446 1.401
7.09899 1.394
7.16353 1.442
7.22807 1.451
7.2926 1.47698
7.35714 1.50902
7.42167 1.48302
7.48621 1.546
7.55074 1.537
7.61528 1.556
7.67982 1.543
7.74435 1.52301
7.80889 1.581
7.87342 1.59
7.93796 1.58198
8.00249 1.53798
8.06703 1.613
8.13156 1.61598
8.1961 1.62498
8.26064 1.612
8.32517 1.63298
8.38971 1.673
8.45424 1.73598
8.51878 1.64202
8.58331 1.64699
8.64785 1.73798
8.71239 1.739
8.77693 1.71102
8.84146 1.76998
8.906 1.751
8.97053 1.80699
9.03507 1.79102
9.0996 2.25402
9.16414 1.86998
9.22868 1.94802
9.29321 1.81499
9.35775 1.856
9.42228 1.871
9.48682 1.86598
9.55135 1.86098
9.61589 1.894
9.68042 1.91098
9.74496 1.958
9.8095 1.87598
9.87403 1.92398
9.93857 1.92898
10.0031 1.948
10.0676 1.927
10.1322 2.011
10.1967 2.04402
10.2612 2.012
10.3258 1.985
10.3903 2.00726
10.4549 2.05901
10.5194 2.099
10.5839 2.02098
10.6485 2.09998
10.713 2.085
10.7775 2.116
10.8421 2.071
10.9066 2.131
10.9711 2.164
11.0357 2.16798
11.1002 2.13898
11.1647 2.21199
11.2293 2.239
11.2938 2.168
11.3584 2.175
11.4229 2.51339
11.4874 2.27302
11.552 2.26398
11.6165 2.218
11.681 2.293
11.7456 2.27
11.8101 2.31702
11.8746 2.258
11.9392 2.34098
12.0037 2.349
12.0682 2.369
12.1328 2.311
12.1973 2.35398
12.2619 2.403
12.3264 2.48698
12.3909 2.36398
12.4555 2.44998
12.52 2.459
12.5845 2.467
12.6491 2.406
12.7136 2.523
12.7781 2.52302
12.8427 2.535
12.9072 2.458
12.9717 2.543
13.0363 2.54498
13.1008 2.507
13.1654 2.497
13.2299 2.613
13.2944 2.599
13.359 2.60502
13.4235 2.59198
13.488 2.72102
13.5526 2.603
13.6171 2.696
13.6816 2.599
13.7462 2.762
13.8107 2.71998
13.8752 2.705
13.9398 2.65502
14.0043 2.70898
14.0689 2.759
14.1334 2.783
14.1979 2.70226
14.2625 2.80498
14.327 2.92999
14.3915 2.819
14.4561 2.75098
14.5206 2.83198
14.5851 2.83898
14.6497 2.88198
14.7142 2.844
14.7787 2.903
14.8433 2.872
14.9078 2.849
14.9724 2.854
15.0369 2.957
15.1014 2.95698
15.166 2.991
15.2305 2.92098
15.295 3.06702
15.3596 2.95898
15.4241 3.007
15.4886 2.95598
15.5532 3.05798
15.6177 3.056
15.6822 3.093
15.7468 2.99698
15.8113 3.046
15.8759 3.12698
15.9404 3.07969
16.0049 3.05698
16.0695 3.103
16.134 3.127
