0 21
1 9
2 14
3 11
4 16
5 25
6 26
7 40
8 36
9 46
10 49
11 64
12 64
13 83
14 110
15 139
16 230
17 339
18 495
19 1264
20 3301
21 12682
22 23640
23 47639
24 80654
25 75043
26 77969
27 83522
28 89857
29 86017
30 79054
31 75771
32 77163
33 72331
34 74244
35 78028
36 77608
37 70361
38 68763
39 59410
40 55685
41 51575
42 52707
43 56038
44 56452
45 54956
46 54953
47 52477
48 50747
49 48095
50 43115
51 41308
52 52237
53 59154
54 50636
55 51964
56 55990
57 71303
58 70179
59 72238
60 69504
61 61928
62 57503
63 63468
64 52186
65 48614
66 47615
67 48024
68 50496
69 53031
70 56498
71 70809
72 83591
73 92975
74 79800
75 57941
76 51767
77 50404
78 46950
79 51789
80 59406
81 70006
82 70739
83 71001
84 80064
85 84988
86 89823
87 87303
88 88075
89 90439
90 90407
91 90309
92 85517
93 83656
94 89451
95 94698
96 99498
97 107079
98 113151
99 112474
100 119910
101 126757
102 125242
103 115047
104 101910
105 98254
106 88597
107 89764
108 97489
109 92586
110 89528
111 87871
112 87472
113 83806
114 81469
115 71491
116 73510
117 73267
118 76923
119 73971
120 73677
121 74178
122 72883
123 78743
124 77320
125 82366
126 73628
127 60799
128 50631
129 44284
130 40473
131 35997
132 34071
133 33768
134 36005
135 35486
136 33113
137 33322
138 31836
139 31603
140 30494
141 31900
142 33292
143 32141
144 34175
145 32871
146 30000
147 27917
148 26211
149 27828
150 30745
151 29409
152 29711
153 28140
154 27519
155 24337
156 22707
157 20967
158 20114
159 20308
160 19497
161 20133
162 15585
163 15041
164 13191
165 12442
166 11587
167 11161
168 10777
169 10208
170 9967
171 9890
172 10164
173 9807
174 9990
175 9380
176 9194
177 9192
178 9757
179 10519
180 20219
181 42013
182 38799
183 34148
184 45617
185 41980
186 32918
187 26386
188 20601
189 17342
190 13404
191 11832
192 11325
193 10901
194 11194
195 11148
196 14992
197 16682
198 14055
199 13123
200 13723
201 16806
202 19296
203 22148
204 32494
205 50596
206 46663
207 33572
208 24855
209 18221
210 12111
211 8684
212 6648
213 5909
214 3536
215 2828
216 2848
217 2782
218 2666
219 2572
220 2662
221 2574
222 2195
223 2089
224 2080
225 2131
226 2283
227 2346
228 2221
229 2305
230 2476
231 2799
232 2577
233 2589
234 2802
235 2940
236 2962
237 2924
238 2738
239 2552
240 2489
241 2408
242 2329
243 2278
244 2143
245 2125
246 2019
247 2183
248 2328
249 2306
250 2821
251 2615
252 2598
253 2851
254 3856
255 37490
