5.30589 21.4059
2.60329 5.48437
1.6852 6.54514
3.23553 3.66612
1.48246 2.13462
1.42521 4.64074
3.27258 1.90404
1.54012 7.03291
0.923672 0.536974
3.39003 4.41079
1.62602 9.32619
3.96198 17.4599
1.57096 2.18229
2.41146 10.8697
3.08749 5.66036
3.31051 6.44632
2.90122 6.32101
2.64093 7.58929
1.37384 1.5343
1.37364 3.00175
2.19326 4.79042
0.55319 1.97621
1.22177 6.9876
0.536877 0.252027
0.654244 1.65523
8.50793 27.3559
0.897086 1.10705
2.35681 4.26236
3.00493 1.6853
8.8841 26.6482
9.75209 16.369
4.09371 10.4334
1.65626 8.4814
5.55247 26.446
0.798015 4.46357
4.1299 20.205
4.36423 12.6177
1.70714 2.81606
9.98871 16.9991
2.25428 2.94244
8.11222 26.1728
7.90651 29.5465
2.21873 7.3832
5.08829 18.027
6.75466 34.6103
2.3334 3.56061
7.07599 23.3546
1.86335 2.66089
9.03704 17.8853
1.86335 8.54448
1.28338 6.10024
1.71498 3.71395
6.00042 11.8625
0.911094 0.790005
0.557678 0.22695
1.97806 4.71592
3.05215 6.02795
2.9657 14.1013
2.72053 3.82339
3.09827 10.4478
2.63443 8.83367
1.47669 7.37602
1.61228 8.64739
1.32175 6.68229
0.433757 0.538993
3.75693 1.09055
3.73019 13.2593
2.72628 5.06683
0.152047 0.908155
1.61228 6.49836
7.14244 29.286
0.160223 0.097373
1.61358 4.65952
6.98585 17.892
11.9781 13.3261
4.0686 17.1907
8.60855 38.932
0.164088 0.190084
6.35279 91.3308
1.42411 4.50573
5.75911 52.7039
0.591914 0.467193
1.35821 3.11466
0.958683 2.88523
5.36989 46.5493
5.75911 51.5812
0.695764 3.48844
2.39651 2.8365
1.36684 1.90928
11.8088 19.9649
2.45514 22.8211
2.70008 7.63243
2.6005 4.55274
4.9461 11.8668
2.85555 5.21854
1.70498 1.36891
6.46751 28.1882
2.72811 8.0166
4.28069 61.858
1.82043 8.27339
3.85305 21.4085
2.05214 3.50148
2.00639 5.25731
0.100733 0.204684
1.32679 9.59913
2.43193 4.58326
0.506677 0.107985
0.362912 0.165174
1.48136 3.59081
0.5617 0.219154
1.90163 3.7372
0.141743 0.093064
0.0756187 0.038033
0.449432 0.588658
1.46275 3.77024
28.1109 12.6105
0.377805 0.501554
4.23747 2.04792
0.143994 0.336393
1.69281 10.0981
0.494741 1.21677
1.00453 4.39908
1.71826 1.68194
0.821403 2.8135
1.04527 4.82705
0.653016 8.40085
0.609736 5.5679
1.10789 2.14757
0.0629654 0.05604
1.30385 7.23337
1.24459 0.853897
0.63684 0.947688
2.60348 2.43738
2.30916 6.88552
3.36709 3.49782
3.22797 2.08023
1.61441 4.44966
1.82028 5.55376
2.23572 8.38039
2.19225 6.81538
7.26161 13.4771
0.211283 0.130034
8.16453 28.4118
1.59509 1.81622
0.408188 0.436996
0.405128 2.11626
0.459994 0.70763
3.09354 1.75216
1.57733 3.50494
0.876998 1.70017
3.31554 4.58048
3.81029 1.48996
0.226688 0.56602
2.2314 4.33103
0.72793 1.59888
2.08081 10.3567
6.34146 26.6803
3.22797 2.07846
0.538485 0.379994
0.333245 4.99584
0.510625 0.456419
8.48985 50.1702
0.519834 0.41941
2.11366 3.3957
3.73449 14.8825
0.0960798 0.035001
4.94125 7.35447
1.5317 0.494002
3.30529 8.98736
1.25599 0.779815
0.279381 0.211422
2.3415 0.832052
0.876998 1.72495
1.44148 0.844925
12.2833 11.63
2.03494 1.53499
2.84654 3.87299
1.83354 5.43169
2.38088 11.6488
5.48161 28.4171
3.51299 5.01504
1.51883 1.70539
2.18267 2.53164
0.70358 5.47214
1.02545 1.25197
0.306138 0.153673
0.936279 4.97337
4.24178 37.5441
5.8609 8.54775
0.152122 0.082129
5.94696 12.0968
0.0194263 0.206958
1.07659 5.55284
1.75791 11.2016
0.668272 0.770332
0.0306501 0.040017
0.775698 6.8772
2.05894 3.10894
0.629124 3.181
2.43842 3.4016
1.33948 1.96853
7.08721 15.1952
2.03453 12.6161
4.02619 2.0594
0.8793 1.6555
4.08939 2.5526
1.56898 9.86692
1.3737 7.12955
2.38182 4.82363
1.04178 1.0393
1.83717 8.05901
0.287765 0.231699
1.60346 4.51812
1.3177 2.3114
1.52721 5.23587
2.83029 7.34194
1.77072 6.91233
2.20646 4.45922
2.75079 6.50333
1.83004 8.90088
1.79562 6.99563
