0.00596619 0
0.0254726 0.015628
0.0428352 0.015627
0.0435305 0.187481
0.0490856 0.046877
0.0733528 0.140626
0.116587 0.140625
0.151278 0.062481
0.166474 0.203125
0.206561 0.218752
0.230584 0.203105
0.242577 0.203104
0.248899 0.218757
0.275198 0.171888
0.306319 0.203141
0.3096 0.109373
0.343421 0.234374
0.343421 0.218734
0.381534 0.234376
0.432449 0.250016
0.448385 0.25
0.473145 0.265605
0.478178 0.28125
0.492584 0.281234
0.518637 0.124999
0.556314 0.3125
0.579874 0.281234
0.622459 0.296878
0.654032 0.375
0.770389 0.34373
0.821543 0.343734
0.8471 0.3125
0.96054 0.374979
0.970291 0.406246
1.0208 0.375001
1.05719 0.249984
1.37321 0.59375
1.39783 0.546875
1.43637 0.468771
1.452 0.515608
1.51265 0.546875
1.52451 0.5625
1.64822 0.5625
1.76523 0.640625
1.88571 0.421875
1.90526 0.56252
2.02263 0.53123
2.03359 0.609375
2.13238 0.531266
2.19278 0.65625
2.21855 0.453125
2.25412 0.718733
2.34363 0.531233
2.36208 0.53127
2.45121 0.734354
2.46004 0.68752
2.68022 0.875009
2.77346 0.890624
2.85499 0.796877
3.07708 0.937504
3.37533 0.76562
3.44716 1.28125
3.53124 0.734372
3.61946 1.04689
3.73012 1.15625
3.83785 1.03124
4.01298 0.9375
4.54594 1.37498
4.60531 0.921876
